1500004
1500010
1500016
1500018
1500022
1500024
1500028
1500032
1500036
1500042
1500044
1500046
1500050
1500054
1500056
1500064
1500070
1500072
1500074
1500076
1500078
1500080
1500082
1500084
1500086
1500090
1500096
1500100
1500104
1500106
1500112
1500116
1500118
1500120
1500122
1500126
1500130
1500134
1500140
1500144
1500146
1500148
1500152
1500154
1500156
1500158
1500160
1500166
1500170
1500172
1500178
1500182
1500184
1500188
1500190
1500192
1500194
1500200
1500204
1500206
1500210
1500216
1500220
1500226
1500228
1500230
1500238
1500240
1500242
1500246
1500252
1500254
1500256
1500258
1500262
1500264
1500266
1500268
1500274
1500276
1500278
1500280
1500282
1500290
1500294
1500300
1500302
1500304
1500306
1500308
1500310
1500314
1500320
1500322
1500324
1500328
1500330
1500332
1500338
1500342
1500344
1500346
1500348
1500352
1500354
1500356
1500358
1500360
1500364
1500366
1500368
1500372
1500378
1500380
1500382
1500386
1500388
1500392
1500394
1500398
1500402
1500404
1500410
1500416
1500418
1500420
1500422
1500424
1500426
1500428
1500430
1500434
1500440
1500446
1500448
1500452
1500456
1500464
1500466
1500470
1500472
1500474
1500478
1500480
1500482
1500484
1500488
1500490
1500496
1500498
1500504
1500506
1500508
1500512
1500514
1500518
1500520
1500522
1500524
1500526
1500534
1500538
1500546
1500548
1500550
1500556
1500558
1500560
1500562
1500564
1500566
1500568
1500570
1500578
1500580
1500582
1500586
1500588
1500594
1500598
1500604
1500608
1500610
1500612
1500614
1500616
1500618
1500624
1500626
1500628
1500630
1500632
1500634
1500636
1500638
1500640
1500642
1500644
1500646
1500650
1500652
1500662
1500664
1500666
1500668
1500670
1500672
1500680
1500682
1500686
1500692
1500694
1500696
1500698
1500700
1500702
1500704
1500706
1500708
1500716
1500718
1500722
1500724
1500728
1500730
1500734
1500736
1500742
1500746
1500748
1500750
1500752
1500756
1500766
1500768
1500770
1500774
1500776
1500778
1500780
1500788
1500792
1500794
1500796
1500798
1500800
1500804
1500808
1500818
1500820
1500824
1500826
1500830
1500832
1500834
1500836
1500838
1500840
1500842
1500844
1500848
1500850
1500854
1500856
1500858
1500868
1500870
1500876
1500878
1500880
1500882
1500886
1500888
1500890
1500894
1500896
1500902
1500904
1500906
1500908
1500912
1500932
1500936
1500938
1500940
1500942
1500946
1500954
1500956
1500958
1500964
1500966
1500968
1500976
1500978
1500980
1500982
1500984
1500986
1500988
1500990
1500992
1500996
1501002
1501004
1501006
1501010
1501012
1501016
1501020
1501022
1501024
1501026
1501028
1501030
1501032
1501034
1501038
1501040
1501042
1501044
1501048
1501050
1501054
1501056
1501058
1501060
1501066
1501068
1501074
1501076
1501078
1501080
1501082
1501084
1501092
1501098
1501106
1501108
1501110
1501114
1501116
1501120
1501124
1501126
1501128
1501130
1501136
1501144
1501146
1501148
1501152
1501154
1501156
1501158
1501160
1501164
1501168
1501170
1501172
1501176
1501178
1501180
1501182
1501184
1501186
1501192
1501198
1501202
1501204
1501206
1501208
1501212
1501214
1501216
1501218
1501220
1501224
1501226
1501232
1501234
1501236
1501238
1501240
1501242
1501244
1501246
1501248
1501256
1501258
1501260
1501262
1501264
1501266
1501270
1501272
1501274
1501276
1501280
1501284
1501288
1501292
1501296
1501298
1501302
1501306
1501310
1501316
1501320
1501322
1501324
1501326
1501328
1501332
1501334
1501336
1501338
1501340
1501348
1501350
1501352
1501356
1501358
1501360
1501370
1501376
1501378
1501380
1501382
1501384
1501386
1501388
1501390
1501402
1501404
1501406
1501412
1501416
1501418
1501420
1501422
1501424
1501428
1501430
1501432
1501436
1501438
1501442
1501448
1501450
1501452
1501454
1501458
1501460
1501464
1501466
1501468
1501478
1501480
1501482
1501488
1501490
1501492
1501494
1501498
1501500
1501502
1501506
1501508
1501512
1501514
1501518
1501526
1501528
1501530
1501542
1501544
1501546
1501554
1501558
1501562
1501566
1501568
1501572
1501574
1501576
1501578
1501580
1501582
1501588
1501590
1501598
1501600
1501602
1501604
1501606
1501608
1501610
1501620
1501622
1501640
1501642
1501644
1501648
1501650
1501652
1501654
1501656
1501660
1501664
1501666
1501668
1501672
1501674
1501676
1501680
1501688
1501690
1501696
1501698
1501702
1501706
1501708
1501710
1501716
1501720
1501722
1501728
1501730
1501732
1501742
1501746
1501748
1501750
1501752
1501756
1501760
1501762
1501764
1501766
1501770
1501778
1501782
1501784
1501790
1501798
1501800
1501806
1501808
1501812
1501814
1501816
1501824
1501832
1501834
1501836
1501840
1501842
1501844
1501846
1501848
1501850
1501852
1501854
1501858
1501862
1501864
1501868
1501872
1501876
1501890
1501892
1501896
1501898
1501900
1501902
1501904
1501906
1501910
1501912
1501914
1501916
1501918
1501922
1501924
1501928
1501930
1501932
1501938
1501942
1501944
1501946
1501950
1501952
1501954
1501958
1501960
1501964
1501966
1501970
1501972
1501974
1501980
1501982
1501984
1501986
1501992
1501994
1501996
1501998
1502000
1502002
1502006
1502010
1502012
1502014
1502016
1502018
1502020
1502026
1502028
1502032
1502034
1502036
1502038
1502040
1502042
1502044
1502046
1502048
1502052
1502054
1502056
1502058
1502060
1502064
1502066
1502070
1502072
1502074
1502080
1502088
1502092
1502096
1502102
1502106
1502110
1502112
1502114
1502118
1502122
1502124
1502132
1502134
1502140
1502142
1502146
1502148
1502150
1502152
1502154
1502156
1502162
1502164
1502166
1502168
1502170
1502174
1502176
1502180
1502182
1502186
1502196
1502198
1502200
1502202
1502204
1502206
1502208
1502214
1502216
1502220
1502226
1502228
1502230
1502234
1502238
1502244
1502258
1502260
1502266
1502268
1502276
1502278
1502280
1502284
1502286
1502288
1502292
1502296
1502298
1502300
1502302
1502310
1502316
1502318
1502320
1502324
1502330
1502334
1502336
1502342
1502346
1502348
1502350
1502354
1502356
1502358
1502360
1502362
1502364
1502368
1502370
1502374
1502378
1502380
1502386
1502388
1502390
1502396
1502398
1502402
1502404
1502406
1502408
1502416
1502418
1502420
1502424
1502426
1502428
1502430
1502432
1502434
1502436
1502440
1502448
1502450
1502452
1502456
1502466
1502468
1502472
1502474
1502476
1502482
1502484
1502488
1502490
1502494
1502496
1502498
1502500
1502502
1502504
1502506
1502510
1502512
1502514
1502516
1502518
1502528
1502530
1502538
1502540
1502544
1502550
1502554
1502556
1502558
1502560
1502562
1502564
1502570
1502574
1502576
1502578
1502580
1502582
1502586
1502590
1502592
1502596
1502602
1502604
1502608
1502610
1502612
1502614
1502616
1502624
1502628
1502630
1502632
1502636
1502638
1502644
1502646
1502648
1502650
1502652
1502654
1502658
1502664
1502668
1502670
1502672
1502676
1502682
1502684
1502686
1502692
1502702
1502706
1502714
1502722
1502724
1502730
1502732
1502734
1502736
1502738
1502742
1502746
1502748
1502752
1502754
1502756
1502760
1502764
1502776
1502780
1502782
1502786
1502796
1502798
1502800
1502804
1502806
1502808
1502812
1502818
1502820
1502822
1502830
1502832
1502844
1502856
1502858
1502862
1502866
1502868
1502872
1502874
1502878
1502880
1502886
1502894
1502898
1502902
1502910
1502912
1502914
1502922
1502924
1502926
1502928
1502930
1502932
1502934
1502936
1502938
1502942
1502946
1502952
1502956
1502964
1502966
1502972
1502974
1502978
1502982
1502984
1502992
1502998
1503002
1503006
1503008
1503012
1503016
1503018
1503022
1503026
1503028
1503032
1503036
1503038
1503040
1503042
1503044
1503060
1503062
1503064
1503072
1503076
1503078
1503080
1503082
1503084
1503086
1503088
1503090
1503092
1503096
1503098
1503100
1503106
1503116
1503124
1503126
1503128
1503130
1503132
1503136
1503144
1503150
1503152
1503154
1503156
1503158
1503160
1503162
1503164
1503166
1503168
1503170
1503174
1503178
1503182
1503184
1503188
1503190
1503192
1503194
1503196
1503198
1503202
1503204
1503206
1503208
1503212
1503214
1503216
1503218
1503222
1503224
1503228
1503230
1503232
1503234
1503240
1503244
1503246
1503248
1503250
1503254
1503258
1503262
1503264
1503268
1503272
1503280
1503282
1503284
1503290
1503292
1503294
1503298
1503304
1503306
1503308
1503318
1503322
1503324
1503330
1503338
1503340
1503346
1503348
1503350
1503352
1503354
1503356
1503362
1503364
1503366
1503370
1503378
1503382
1503384
1503388
1503390
1503392
1503394
1503398
1503404
1503406
1503408
1503410
1503412
1503416
1503418
1503426
1503428
1503430
1503432
1503434
1503436
1503440
1503442
1503446
1503448
1503450
1503452
1503456
1503458
1503460
1503462
1503470
1503474
1503476
1503480
1503484
1503486
1503490
1503492
1503496
1503498
1503502
1503506
1503512
1503514
1503518
1503520
1503524
1503526
1503528
1503530
1503532
1503536
1503538
1503540
1503542
1503544
1503546
1503548
1503550
1503552
1503554
1503558
1503560
1503568
1503572
1503574
1503576
1503580
1503584
1503586
1503590
1503596
1503598
1503608
1503610
1503614
1503616
1503630
1503632
1503634
1503638
1503640
1503642
1503648
1503650
1503656
1503658
1503662
1503664
1503666
1503668
1503672
1503676
1503682
1503684
1503686
1503688
1503692
1503696
1503698
1503702
1503706
1503710
1503712
1503718
1503720
1503722
1503724
1503726
1503730
1503732
1503736
1503738
1503742
1503744
1503748
1503752
1503754
1503758
1503764
1503766
1503768
1503772
1503776
1503780
1503782
1503784
1503786
1503788
1503792
1503794
1503798
1503806
1503810
1503812
1503814
1503816
1503818
1503820
1503822
1503826
1503828
1503830
1503832
1503836
1503840
1503854
1503856
1503858
1503868
1503872
1503874
1503876
1503880
1503882
1503890
1503892
1503896
1503898
1503902
1503906
1503908
1503910
1503912
1503914
1503918
1503922
1503924
1503926
1503948
1503950
1503954
1503956
1503958
1503960
1503964
1503966
1503968
1503972
1503976
1503978
1503980
1503982
1503984
1503990
1503992
1503996
1503998
1504000
1504004
1504006
1504010
1504014
1504016
1504022
1504024
1504026
1504028
1504030
1504032
1504034
1504038
1504040
1504042
1504044
1504050
1504058
1504062
1504066
1504068
1504074
1504078
1504080
1504084
1504088
1504090
1504092
1504094
1504096
1504102
1504104
1504108
1504110
1504114
1504120
1504122
1504124
1504126
1504140
1504144
1504146
1504148
1504150
1504154
1504156
1504158
1504164
1504168
1504174
1504176
1504180
1504186
1504192
1504196
1504198
1504200
1504202
1504204
1504208
1504210
1504212
1504216
1504222
1504224
1504230
1504234
1504238
1504242
1504246
1504250
1504256
1504258
1504260
1504262
1504264
1504266
1504268
1504270
1504272
1504274
1504276
1504278
1504280
1504282
1504284
1504286
1504288
1504292
1504296
1504298
1504300
1504304
1504308
1504312
1504314
1504316
1504320
1504322
1504324
1504326
1504328
1504332
1504338
1504340
1504344
1504346
1504350
1504358
1504360
1504364
1504368
1504372
1504374
1504378
1504380
1504384
1504394
1504400
1504402
1504404
1504406
1504408
1504412
1504414
1504416
1504420
1504424
1504432
1504434
1504436
1504438
1504442
1504444
1504446
1504448
1504450
1504452
1504454
1504456
1504464
1504470
1504474
1504476
1504480
1504488
1504490
1504496
1504498
1504500
1504502
1504504
1504506
1504510
1504514
1504516
1504520
1504522
1504534
1504536
1504538
1504540
1504542
1504544
1504548
1504554
1504562
1504564
1504566
1504578
1504584
1504588
1504592
1504596
1504598
1504600
1504602
1504606
1504610
1504612
1504614
1504618
1504620
1504624
1504630
1504632
1504636
1504638
1504640
1504644
1504646
1504650
1504652
1504654
1504660
1504662
1504664
1504666
1504668
1504672
1504674
1504676
1504680
1504682
1504684
1504686
1504688
1504690
1504694
1504696
1504698
1504700
1504702
1504704
1504708
1504716
1504718
1504722
1504724
1504726
1504728
1504730
1504732
1504734
1504740
1504742
1504744
1504748
1504752
1504754
1504756
1504758
1504760
1504764
1504768
1504770
1504772
1504774
1504776
1504782
1504786
1504792
1504794
1504800
1504802
1504806
1504808
1504812
1504814
1504816
1504818
1504820
1504822
1504824
1504826
1504832
1504834
1504842
1504844
1504846
1504848
1504850
1504858
1504860
1504862
1504864
1504866
1504868
1504870
1504874
1504876
1504882
1504884
1504886
1504888
1504890
1504900
1504902
1504908
1504912
1504914
1504920
1504924
1504926
1504928
1504930
1504932
1504934
1504938
1504944
1504948
1504950
1504952
1504958
1504960
1504962
1504976
1504978
1504980
1504982
1504984
1504992
1504994
1504998
1505000
1505008
1505010
1505012
1505014
1505016
1505018
1505022
1505024
1505026
1505030
1505032
1505034
1505036
1505040
1505048
1505050
1505054
1505064
1505066
1505068
1505072
1505074
1505076
1505080
1505082
1505086
1505088
1505090
1505094
1505098
1505100
1505102
1505104
1505106
1505112
1505114
1505116
1505118
1505120
1505126
1505130
1505134
1505136
1505140
1505142
1505146
1505148
1505150
1505152
1505154
1505156
1505158
1505160
1505162
1505164
1505170
1505172
1505174
1505176
1505178
1505192
1505194
1505196
1505198
1505200
1505204
1505206
1505208
1505210
1505214
1505216
1505218
1505220
1505222
1505224
1505226
1505228
1505230
1505232
1505234
1505236
1505244
1505248
1505252
1505256
1505258
1505260
1505264
1505266
1505270
1505274
1505276
1505278
1505282
1505284
1505288
1505292
1505294
1505300
1505302
1505304
1505314
1505316
1505318
1505320
1505324
1505328
1505332
1505334
1505338
1505342
1505344
1505346
1505348
1505352
1505354
1505356
1505362
1505364
1505366
1505376
1505378
1505384
1505386
1505388
1505392
1505394
1505396
1505402
1505406
1505414
1505416
1505418
1505420
1505424
1505428
1505430
1505432
1505436
1505438
1505442
1505446
1505448
