1500011
1500007
1500015
1500013
1500019
1500021
1500023
1500025
1500017
1500031
1500027
1500001
1500003
1500005
1500051
1500055
1500057
1500059
1500049
1500067
1500065
1500075
1500083
1500085
1500093
1500095
1500097
1500101
1500099
1500107
1500109
1500111
1500105
1500115
1500119
1500123
1500121
1500137
1500141
1500139
1500145
1500147
1500143
1500151
1500149
1500157
1500153
1500161
1500159
1500169
1500165
1500173
1500175
1500177
1500181
1500179
1500183
1500193
1500195
1500199
1500201
1500197
1500205
1500207
1500209
1500211
1500217
1500223
1500225
1500229
1500231
1500227
1500235
1500237
1500241
1500239
1500245
1500253
1500251
1500265
1500261
1500043
1500047
1500045
1500281
1500283
1500277
1500287
1500289
1500291
1500285
1500295
1500297
1500301
1500303
1500305
1500309
1500311
1500267
1500313
1500319
1500275
1500323
1500325
1500321
1500329
1500331
1500327
1500337
1500333
1500341
1500345
1500339
1500349
1500351
1500353
1500359
1500317
1500355
1500367
1500363
1500369
1500375
1500377
1500379
1500373
1500385
1500381
1500391
1500387
1500397
1500399
1500409
1500411
1500407
1500423
1500425
1500427
1500433
1500435
1500431
1500441
1500437
1500445
1500443
1500451
1500455
1500449
1500459
1500469
1500465
1500471
1500481
1500477
1500485
1500489
1500497
1500495
1500501
1500503
1500499
1500509
1500511
1500515
1500273
1500519
1500517
1500523
1500521
1500529
1500535
1500537
1500541
1500543
1500539
1500549
1500553
1500555
1500551
1500559
1500561
1500315
1500513
1500569
1500567
1500575
1500573
1500579
1500581
1500577
1500583
1500589
1500591
1500587
1500597
1500599
1500603
1500361
1500605
1500609
1500611
1500613
1500607
1500619
1500617
1500625
1500627
1500623
1500633
1500629
1500639
1500637
1500643
1500601
1500647
1500653
1500651
1500657
1500659
1500661
1500667
1500669
1500673
1500671
1500677
1500641
1500683
1500679
1500685
1500693
1500697
1500707
1500709
1500705
1500713
1500715
1500719
1500675
1500727
1500735
1500741
1500745
1500717
1500747
1500753
1500755
1500759
1500761
1500757
1500765
1500763
1500769
1500775
1500563
1500743
1500565
1500789
1500785
1500795
1500803
1500799
1500811
1500817
1500813
1500821
1500823
1500777
1500829
1500833
1500831
1500841
1500847
1500849
1500851
1500857
1500865
1500863
1500869
1500873
1500875
1500889
1500893
1500899
1500897
1500909
1500903
1500911
1500917
1500921
1500923
1500933
1500929
1500941
1500935
1500947
1500951
1500953
1500957
1500963
1500961
1500967
1500969
1500965
1500973
1500971
1500981
1500989
1500991
1500993
1500985
1500997
1501005
1501007
1501009
1501001
1500781
1500783
1501017
1501019
1501021
1501015
1501025
1501023
1501027
1501033
1501035
1501031
1501039
1501037
1500825
1501049
1501051
1501053
1501055
1501059
1501065
1501067
1501043
1501073
1501071
1501079
1501081
1501077
1501085
1501087
1501089
1501083
1501093
1501097
1501099
1501091
1501105
1501107
1501111
1501113
1501115
1501119
1501121
1501125
1501127
1501123
1501135
1501137
1501129
1501139
1501149
1501151
1501157
1501159
1501165
1501173
1501181
1501177
1501185
1501183
1501191
1501193
1501011
1501189
1501013
1501201
1501203
1501199
1501207
1501211
1501215
1501217
1501219
1501223
1501227
1501221
1501041
1501233
1501231
1501237
1501235
1501243
1501245
1501239
1501249
1501251
1501247
1501259
1501265
1501229
1501273
1501269
1501277
1501283
1501275
1501287
1501291
1501297
1501299
1501305
1501301
1501311
1501313
1501315
1501307
1501317
1501323
1501321
1501327
1501329
1501331
1501335
1501337
1501333
1501341
1501349
1501347
1501353
1501359
1501363
1501367
1501373
1501375
1501389
1501397
1501387
1501195
1501197
1501407
1501413
1501411
1501401
1501423
1501425
1501427
1501431
1501435
1501429
1501439
1501441
1501443
1501447
1501449
1501445
1501419
1501463
1501465
1501461
1501267
1501471
1501479
1501481
1501489
1501457
1501491
1501495
1501505
1501503
1501521
1501517
1501525
1501523
1501529
1501535
1501539
1501543
1501545
1501551
1501547
1501555
1501557
1501559
1501581
1501583
1501579
1501587
1501589
1501593
1501599
1501605
1501399
1501607
1501611
1501609
1501617
1501615
1501625
1501621
1501627
1501633
1501635
1501637
1501603
1501645
1501647
1501649
1501657
1501659
1501663
1501661
1501671
1501673
1501667
1501675
1501681
1501685
1501467
1501691
1501697
1501699
1501703
1501705
1501493
1501683
1501723
1501727
1501729
1501731
1501743
1501745
1501741
1501749
1501751
1501753
1501759
1501755
1501765
1501763
1501773
1501777
1501775
1501789
1501795
1501807
1501813
1501821
1501833
1501831
1501837
1501843
1501847
1501639
1501853
1501857
1501861
1501859
1501867
1501869
1501873
1501845
1501891
1501893
1501897
1501899
1501901
1501903
1501907
1501905
1501909
1501715
1501717
1501883
1501925
1501929
1501931
1501919
1501937
1501943
1501939
1501945
1501953
1501951
1501959
1501961
1501963
1501955
1501969
1501971
1501965
1501977
1501985
1501987
1501979
1501991
1501997
1501995
1502001
1502003
1502005
1502007
1502009
1502011
1502013
1501999
1502017
1502021
1502023
1502025
1502019
1502035
1502043
1502047
1502041
1502053
1502059
1502061
1502067
1502069
1502073
1502063
1502079
1501915
1501917
1501911
1502077
1502089
1502091
1502087
1502095
1502093
1502101
1502097
1502109
1502113
1502107
1502117
1502119
1502115
1502123
1502131
1502127
1502137
1502149
1502151
1502141
1502153
1502159
1502161
1502165
1502157
1502171
1502169
1502179
1502173
1502183
1502181
1502187
1502191
1502199
1502201
1502195
1502207
1502209
1502211
1502219
1502223
1502231
1502241
1502243
1502245
1502247
1502253
1502255
1502257
1502259
1502249
1502081
1502083
1502085
1502267
1502273
1502261
1502263
1502277
1502283
1502285
1502281
1502289
1502291
1502293
1502295
1502287
1502301
1502297
1502307
1502311
1502313
1502315
1502271
1502321
1502319
1502329
1502335
1502331
1502337
1502349
1502353
1502357
1502359
1502355
1502367
1502363
1502371
1502373
1502379
1502383
1502393
1502397
1502395
1502403
1502407
1502401
1502413
1502409
1502417
1502419
1502415
1502423
1502421
1502427
1502425
1502435
1502437
1502431
1502441
1502439
1502449
1502445
1502455
1502457
1502461
1502465
1502469
1502471
1502473
1502467
1502477
1502479
1502475
1502485
1502487
1502483
1502491
1502495
1502503
1502505
1502265
1502275
1502517
1502519
1502523
1502527
1502531
1502525
1502537
1502543
1502539
1502545
1502511
1502317
1502557
1502559
1502569
1502573
1502583
1502585
1502589
1502597
1502595
1502603
1502605
1502617
1502619
1502625
1502629
1502635
1502637
1502633
1502639
1502647
1502649
1502645
1502653
1502655
1502651
1502661
1502663
1502657
1502667
1502669
1502675
1502677
1502679
1502673
1502683
1502689
1502695
1502697
1502701
1502707
1502711
1502713
1502709
1502509
1502721
1502723
1502719
1502729
1502731
1502739
1502735
1502743
1502741
1502747
1502751
1502753
1502749
1502715
1502549
1502553
1502765
1502767
1502763
1502779
1502775
1502787
1502789
1502795
1502759
1502803
1502799
1502807
1502805
1502815
1502819
1502821
1502817
1502825
1502829
1502833
1502797
1502839
1502837
1502851
1502853
1502859
1502857
1502863
1502861
1502869
1502871
1502881
1502877
1502885
1502887
1502883
1502893
1502895
1502889
1502905
1502907
1502909
1502903
1502913
1502911
1502917
1502919
1502915
1502927
1502925
1502929
1502937
1502933
1502941
1502939
1502945
1502947
1502951
1502957
1502953
1502961
1502959
1502965
1502963
1502971
1502973
1502979
1502975
1502983
1502755
1502757
1502985
1502993
1502995
1502997
1502991
1503001
1502999
1502981
1503011
1503013
1503015
1503017
1503019
1503003
1503021
1503007
1503027
1503025
1503031
1503037
1503035
1503043
1503041
1503047
1502835
1503053
1503051
1503059
1503067
1503071
1503073
1503075
1503045
1503079
1503085
1503081
1503087
1503093
1503091
1503099
1503107
1503109
1503111
1503113
1503115
1503103
1503119
1503125
1503129
1503139
1503141
1503143
1503147
1503149
1503151
1503153
1503137
1503157
1503167
1503165
1503171
1503173
1502989
1503181
1503183
1503185
1503193
1503191
1503197
1503195
1503203
1503023
1503209
1503219
1503223
1503227
1503231
1503239
1503077
1503245
1503247
1503249
1503253
1503251
1503259
1503261
1503265
1503237
1503269
1503267
1503275
1503283
1503279
1503287
1503289
1503293
1503295
1503297
1503301
1503263
1503305
1503315
1503321
1503325
1503319
1503327
1503331
1503299
1503333
1503339
1503175
1503335
1503345
1503343
1503355
1503359
1503353
1503363
1503367
1503377
1503379
1503207
1503387
1503393
1503399
1503397
1503405
1503403
1503409
1503417
1503419
1503425
1503423
1503429
1503427
1503433
1503431
1503437
1503441
1503445
1503443
1503449
1503455
1503461
1503459
1503465
1503467
1503471
1503481
1503487
1503483
1503491
1503499
1503505
1503503
1503511
1503513
1503509
1503517
1503519
1503523
1503329
1503341
1503531
1503535
1503537
1503539
1503541
1503543
1503547
1503529
1503533
1503381
1503525
1503551
1503561
1503559
1503565
1503577
1503579
1503581
1503583
1503585
1503575
1503591
1503589
1503597
1503599
1503595
1503603
1503605
1503611
1503617
1503621
1503627
1503629
1503623
1503637
1503641
1503651
1503657
1503661
1503555
1503557
1503553
1503665
1503679
1503677
1503683
1503685
1503647
1503681
1503689
1503697
1503693
1503707
1503711
1503703
1503715
1503717
1503719
1503723
1503721
1503737
1503739
1503743
1503747
1503753
1503759
1503761
1503755
1503765
1503773
1503769
1503783
1503785
1503789
1503793
1503797
1503799
1503795
1503805
1503669
1503667
1503825
1503819
1503829
1503827
1503833
1503837
1503845
1503691
1503849
1503851
1503813
1503859
1503865
1503873
1503877
1503875
1503883
1503881
1503843
1503895
1503891
1503901
1503897
1503905
1503913
1503911
1503919
1503921
1503923
1503925
1503917
1503929
1503931
1503933
1503937
1503935
1503943
1503941
1503951
1503953
1503949
1503955
1503961
1503963
1503959
1503967
1503965
1503973
1503975
1503971
1503979
1503981
1503977
1503985
1503987
1503989
1503991
1503983
1503993
1503999
1504001
1504003
1504005
1504013
1504021
1504023
1504025
1503817
1504035
1504037
1504039
1504047
1504051
1504019
1504053
1504057
1504065
1503855
1504069
1504071
1504067
1504081
1504083
1504087
1504089
1504085
1504049
1504093
1504097
1503889
1504101
1504103
1504105
1504063
1504111
1504113
1504115
1504119
1504091
1504121
1504095
1504127
1504125
1504133
1504135
1504143
1504139
1504109
1504153
1504161
1504159
1504167
1504165
1504177
1504145
1504189
1504183
1504191
1504197
1504195
1504203
1504205
1504207
1504201
1504215
1504217
1504221
1504229
1504227
1504235
1504233
1504241
1504245
1504243
1504251
1504257
1504267
1504271
1504275
1504269
1504279
1504277
1504285
1504287
1504289
1504295
1504299
1504305
1504107
1504313
1504315
1504321
1504317
1504327
1504123
1504337
1504339
1504345
1504349
1504325
1504329
1504361
1504369
1504363
1504373
1504371
1504377
1504179
1504381
1504383
1504385
1504379
1504389
1504395
1504393
1504399
1504407
1504409
1504411
1504375
1504417
1504419
1504415
1504423
1504429
1504433
1504435
1504439
1504447
1504443
1504451
1504449
1504461
1504469
1504465
1504471
1504477
1504479
1504475
1504483
1504489
1504491
1504487
1504495
1504499
1504497
1504501
1504507
1504513
1504307
1504519
1504523
1504527
1504521
1504533
1504529
1504535
1504541
1504547
1504511
1504545
1504555
1504553
1504561
1504559
1504571
1504355
1504565
1504577
1504579
1504575
1504591
1504595
1504599
1504601
1504597
1504607
1504609
1504605
1504611
1504617
1504619
1504615
1504623
1504627
1504631
1504633
1504413
1504641
1504645
1504643
1504649
1504651
1504647
1504655
1504653
1504661
1504663
1504667
1504669
1504671
1504673
1504675
1504681
1504677
1504687
1504693
1504691
1504697
1504695
1504703
1504705
1504709
1504713
1504715
1504711
1504719
1504721
1504717
1504723
1504725
1504731
1504737
1504739
1504735
1504743
1504751
1504753
1504755
1504551
1504759
1504761
1504757
1504765
1504767
1504763
1504771
1504769
1504779
1504573
1504785
1504787
1504789
1504749
1504793
1504797
1504799
1504801
1504807
1504809
1504803
1504635
1504811
1504813
1504821
1504825
1504819
1504831
1504835
1504837
1504841
1504843
1504853
1504847
1504859
1504855
1504863
1504861
1504867
1504869
1504865
1504871
1504883
1504879
1504887
1504889
1504781
1504885
1504895
1504897
1504791
1504899
1504905
1504903
1504911
1504909
1504915
1504927
1504929
1504923
1504933
1504943
1504951
1504949
1504817
1504957
1504963
1504969
1504965
1504973
1504971
1504977
1504979
1504975
1504993
1504953
1504991
1504999
1505003
1505005
1505007
1504997
1505009
1505013
1505015
1505017
1505021
1505023
1505027
1505029
1505025
1505035
1505041
1505043
1505039
1505047
1505053
1505059
1505063
1505061
1505067
1505069
1505065
1505073
1505075
1505071
1505081
1505077
1505087
1505085
1505099
1505101
1505103
1504891
1505107
1505109
1504901
1505117
1505119
1505121
1505095
1505129
1505137
1505139
1505135
1505143
1504995
1505147
1505149
1505141
1505145
1505157
1505153
1505161
1505159
1505167
1505165
1505171
1505173
1505179
1505151
1505183
1505185
1505191
1505197
1505201
1505203
1505199
1505207
1505209
1505175
1505211
1505219
1505217
1505223
1505221
1505231
1505233
1505237
1505241
1505205
1505249
1505113
1505255
1505257
1505125
1505253
1505267
1505239
1505245
1505283
1505285
1505289
1505287
1505297
1505301
1505299
1505311
1505317
1505315
1505325
1505327
1505329
1505323
1505341
1505343
1505333
1505349
1505351
1505355
1505357
1505365
1505361
1505373
1505377
1505375
1505383
1505385
1505391
1505395
1505399
1505401
1505403
1505411
1505263
1505265
1505417
1505423
1505425
1505421
1505431
1505275
1505439
1505441
1505447
1505449
1505415
1505455
1505463
1505465
1505467
1505471
1505469
1505479
1505481
1505475
1505493
1505501
1505503
1505505
1505509
1505511
1505513
1505519
1505515
1505523
1505529
1505531
1505537
1505541
1505533
1505545
1505549
1505553
1505555
1505557
1505565
1505559
1505573
1505569
1505577
1505579
1505575
1505587
1505583
1505593
1505419
1505599
1505603
1505591
1505435
1505597
1505613
1505615
1505611
1505621
1505623
1505625
1505617
1505629
1505453
1505633
1505635
1505631
1505639
1505643
1505647
1505651
1505653
1505657
1505659
1505661
1505627
1505663
1505667
1505665
1505673
1505675
1505641
1505671
1505681
1505683
1505679
1505689
1505685
1505693
1505691
1505695
1505701
1505699
1505705
1505703
1505711
1505713
1505709
1505719
1505715
1505725
1505727
1505735
1505729
1505739
1505737
1505743
1505745
1505747
1505751
1505741
1505755
1505757
1505759
1505765
1505761
1505767
1505773
1505777
1505785
1505783
1505605
1505795
1505609
1505797
1505801
1505803
1505799
1505811
1505815
1505817
1505813
1505823
1505825
1505821
1505789
1505793
1505833
1505843
1505841
1505851
1505853
1505857
1505677
1505859
1505865
1505867
1505873
1505875
1505881
1505885
1505891
1505887
1505855
1505901
1505897
1505905
1505909
1505903
1505913
1505915
1505917
1505911
1505923
1505927
1505931
1505933
1505929
1505937
1505941
1505943
1505949
1505955
1505957
1505959
1505953
1505963
1505965
1505967
1505961
1505975
1505977
1505979
1505985
1505981
1505991
1505993
1505987
1505997
1505995
1506005
1506001
1506011
1506013
1505827
1506009
1506015
1505829
1506023
1506025
1506029
1506033
1506027
1506041
1506045
1506051
1506053
1506057
1506059
1506061
1506063
1506067
1506069
1506065
1506073
1506075
1506071
1506079
1506081
1506077
1506085
1506083
1505895
1506095
1506101
1506097
1506103
1506107
1506089
1506121
1506117
1506125
1506123
1506131
1506133
1506113
1506149
1506153
1506151
1506159
1506157
1506165
1506167
1506163
1506173
1506169
1506177
1506183
1506185
1506181
1506191
1506193
1506195
1506187
1506199
1506197
1506019
1506017
1506207
1506209
1506211
1506215
1506217
1506219
1506221
1506223
1506229
1506231
1506227
1506233
1506237
1506239
1506241
1506247
1506249
1506257
1506253
1506261
1506265
1506267
1506273
1506275
1506279
1506281
1506289
1506285
1506295
1506291
1506299
1506147
1506301
1506307
1506303
1506311
1506309
1506321
1506319
1506327
1506329
1506297
1506331
1506325
1506337
1506335
1506343
1506349
1506351
1506357
1506359
1506365
1506367
1506361
1506201
1506203
1506377
1506375
1506387
1506389
1506383
1506391
1506397
1506395
1506403
1506409
1506415
1506417
1506419
1506421
1506427
1506431
1506433
1506435
1506441
1506425
1506447
1506453
1506457
1506451
1506461
1506459
1506467
1506465
1506469
1506475
1506481
1506483
1506479
1506487
1506489
1506491
1506333
1506495
1506499
1506501
1506503
1506505
1506507
1506497
1506509
1506515
1506519
1506523
1506527
1506373
1506371
1506521
1506535
1506537
1506543
1506545
1506547
1506541
1506551
1506549
1506555
1506557
1506561
1506563
1506569
1506573
1506581
1506583
1506591
1506589
1506599
1506607
1506615
1506617
1506613
1506619
1506625
1506631
1506633
1506629
1506637
1506635
1506645
1506649
1506643
1506653
1506659
1506661
1506657
1506667
1506663
1506669
1506677
1506681
1506679
1506689
1506691
1506695
1506693
1506699
1506493
1506709
1506715
1506717
1506721
1506713
1506727
1506729
1506739
1506741
1506745
1506747
1506529
1506531
1506759
1506761
1506763
1506781
1506779
1506785
1506751
1506793
1506795
1506797
1506799
1506803
1506801
1506811
1506813
1506821
1506819
1506829
1506831
1506837
1506839
1506841
1506843
1506849
1506845
1506855
1506857
1506853
1506863
1506871
1506877
1506883
1506875
1506887
1506889
1506891
1506899
1506897
1506711
1506907
1506911
1506913
1506923
1506919
1506925
1506931
1506929
1506935
1506937
1506933
1506939
1506943
1506755
1506949
1506953
1506955
1506951
1506965
1506961
1506969
1506971
1506973
1506941
1506789
1506983
1506985
1506991
1506997
1506995
1506967
1507005
1507003
1506977
1507017
1507015
1507021
1507019
1507025
1507023
1507033
1507035
1506999
1507051
1507059
1507067
1507063
1507069
1507041
1507081
1507083
1507085
1507087
1507091
1507089
1507097
1507099
1507105
1507101
1507109
1507107
1507077
1506901
1507123
1507133
1507129
1507139
1507141
1507143
1507137
1507113
1507147
1507115
1507157
1507153
1507161
1507159
1507167
1507165
1507173
1507175
1507171
1507179
1507181
1507177
1507183
1507191
1507199
1507013
1507213
1507217
1507221
1507225
1507227
1507223
1507231
1507233
1507235
1507229
1507237
1507241
1507243
1507239
1507249
1507251
1507247
1507255
1507253
1507265
1507261
1507271
1507275
1507277
1507283
1507285
1507145
1507293
1507297
1507149
1507299
1507309
1507311
1507315
1507321
1507323
1507289
1507329
1507295
1507337
1507341
1507345
1507349
1507317
1507351
1507327
1507357
1507359
1507361
1507211
1507363
1507369
1507347
1507379
1507355
1507383
1507385
1507387
1507381
1507393
1507411
1507413
1507377
1507419
1507415
1507423
1507421
1507431
1507429
1507437
1507439
1507407
1507443
1507453
1507449
1507457
1507455
1507463
1507467
1507461
1507469
1507475
1507479
1507473
1507483
1507485
1507489
1507493
1507497
1507501
1507505
1507353
1507499
1507515
1507519
1507521
1507523
1507527
1507529
1507525
1507535
1507539
1507373
1507545
1507541
1507549
1507551
1507557
1507559
1507563
1507569
1507537
1507587
1507583
1507593
1507595
1507601
1507599
1507605
1507609
1507441
1507615
1507617
1507621
1507623
1507619
1507629
1507631
1507633
1507627
1507607
1507645
1507649
1507651
1507661
1507663
1507671
1507669
1507675
1507677
1507679
1507689
1507693
1507695
1507699
1507507
1507707
1507709
1507703
1507711
1507719
1507697
1507723
1507733
1507735
1507731
1507743
1507745
1507573
1507763
1507767
1507775
1507781
1507747
1507785
1507787
1507793
1507797
1507803
1507805
1507799
1507807
1507817
1507779
1507641
1507823
1507825
1507827
1507835
1507829
1507841
1507843
1507845
1507849
1507851
1507813
1507847
1507857
1507855
1507863
1507865
1507869
1507875
1507881
1507883
1507885
1507891
1507893
1507897
1507895
1507903
1507905
1507901
1507911
1507913
1507909
1507917
1507923
1507729
1507931
1507937
1507941
1507943
1507939
1507949
1507951
1507945
1507927
1507959
1507963
1507965
1507961
1507973
1507969
1507975
1507981
1507955
1507979
1507991
1507993
1507997
1507999
1508001
1508003
1508007
1508009
1508013
1507819
1508021
1508017
1507853
1508027
1508031
1508023
1508025
1508037
1508039
1508041
1508045
1508047
1508049
1508053
1508055
1508051
1508059
1508057
1508063
1508061
1508067
1508069
1508071
1508077
1508079
1508075
1508085
1508083
1508091
1508095
1508089
1508099
1508097
1508103
1508101
1508109
1508117
1507987
1508115
1508131
1508133
1508139
1508149
1508015
1508145
1508157
1508159
1508163
1508165
1508161
1508169
1508173
1508177
1508179
1508183
1508033
1508195
1508199
1508201
1508209
1508207
1508217
1508213
1508221
1508223
1508227
1508231
1508235
1508237
1508241
1508247
1508249
1508255
1508257
1508263
1508265
1508259
1508269
1508267
1508273
1508275
1508277
1508281
1508283
1508301
1508303
1508307
1508305
1508123
1508311
1508319
1508317
1508325
1508323
1508329
1508331
1508327
1508151
1508335
1508341
1508343
1508345
1508337
1508353
1508357
1508189
1508355
1508365
1508363
1508369
1508375
1508373
1508383
1508379
1508389
1508397
1508399
1508409
1508413
1508407
1508417
1508419
1508427
1508423
1508429
1508435
1508437
1508439
1508433
1508441
1508445
1508447
1508451
1508443
1508455
1508457
1508459
1508453
1508463
1508465
1508467
1508471
1508475
1508479
1508487
1508485
1508491
1508493
1508315
1508499
1508497
1508513
1508333
1508515
1508509
1508521
1508489
1508527
1508523
1508531
1508529
1508537
1508547
1508543
1508549
1508519
1508553
1508557
1508361
1508559
1508565
1508567
1508571
1508573
1508569
1508577
1508579
1508589
1508585
1508555
1508597
1508599
1508601
1508607
1508609
1508605
1508613
1508615
1508617
1508619
1508623
1508625
1508621
1508631
1508629
1508637
1508639
1508645
1508649
1508647
1508651
1508655
1508661
1508657
1508665
1508667
1508673
1508663
1508681
1508685
1508687
1508517
1508689
1508695
1508693
1508701
1508705
1508703
1508713
1508711
1508551
1508725
1508729
1508737
1508739
1508743
1508735
1508745
1508751
1508715
1508747
1508757
1508591
1508763
1508765
1508767
1508769
1508759
1508773
1508771
1508777
1508775
1508781
1508779
1508787
1508789
1508793
1508795
1508755
1508791
1508801
1508803
1508799
1508809
1508811
1508815
1508813
1508821
1508823
1508825
1508831
1508829
1508839
1508847
1508851
1508853
1508849
1508855
1508859
1508863
1508869
1508873
1508867
1508877
1508883
1508885
1508887
1508691
1508881
1508893
1508895
1508897
1508899
1508905
1508911
1508913
1508915
1508907
1508921
1508919
1508927
1508925
1508933
1508935
1508943
1508945
1508947
1508951
1508953
1508753
1508961
1508963
1508965
1508969
1508967
1508975
1508977
1508973
1508987
1508981
1508991
1508993
1508797
1508989
1509001
1509003
1509005
1509011
1509007
1509015
1509013
1509019
1509021
1509027
1509033
1509035
1509037
1509039
1509045
1509047
1509051
1509053
1509055
1509049
1509057
1509063
1509071
1509073
1508889
1509087
1509095
1509097
1509103
1509105
1509077
1509115
1509117
1509111
1509123
1509101
1508955
1509141
1509143
1509149
1509151
1509145
1509155
1509157
1509159
1509161
1509153
1509165
1509167
1509163
1508995
1509173
1509175
1509179
1509181
1509183
1509171
1509189
1509195
1509197
1509199
1509203
1509213
1509219
1509223
1509227
1509229
1509225
1509235
1509237
1509241
1509243
1509245
1509247
1509249
1509259
1509261
1509257
1509273
1509275
1509271
1509279
1509281
1509285
1509287
1509283
1509293
1509291
1509305
1509307
1509129
1509303
1509315
1509311
1509133
1509319
1509323
1509327
1509331
1509329
1509337
1509339
1509341
1509343
1509345
1509317
1509355
1509357
1509169
1509351
1509363
1509365
1509361
1509369
1509371
1509373
1509375
1509367
1509377
1509381
1509383
1509379
1509347
1509393
1509391
1509399
1509407
1509411
1509413
1509417
1509385
1509409
1509423
1509421
1509429
1509427
1509433
1509431
1509439
1509437
1509445
1509443
1509449
1509455
1509461
1509463
1509473
1509475
1509479
1509485
1509489
1509493
1509487
1509497
1509499
1509503
1509505
1509507
1509509
1509515
1509511
1509309
1509525
1509529
1509533
1509535
1509531
1509539
1509537
1509545
1509543
1509551
1509553
1509549
1509559
1509359
1509563
1509571
1509569
1509581
1509583
1509585
1509557
1509595
1509593
1509599
1509607
1509615
1509419
1509619
1509621
1509617
1509625
1509591
1509623
1509633
1509635
1509631
1509637
1509649
1509651
1509647
1509613
1509655
1509657
1509667
1509671
1509679
1509673
1509681
1509687
1509653
1509691
1509693
1509697
1509709
1509713
1509705
1509517
1509719
1509723
1509717
1509733
1509735
1509725
1509739
1509737
1509743
1509745
1509747
1509751
1509753
1509755
1509749
1509759
1509757
1509763
1509761
1509765
1509769
1509767
1509771
1509777
1509779
1509783
1509785
1509781
1509789
1509787
1509793
1509795
1509797
1509791
1509801
1509803
1509799
1509807
1509629
1509809
1509825
1509827
1509831
1509833
1509829
1509837
1509835
1509841
1509839
1509805
1509849
1509851
1509847
1509857
1509855
1509863
1509861
1509685
1509869
1509867
1509877
1509879
1509883
1509885
1509895
1509889
1509897
1509715
1509865
1509907
1509911
1509915
1509913
1509925
1509927
1509931
1509901
1509939
1509945
1509951
1509953
1509955
1509963
1509961
1509965
1509971
1509933
1509977
1509985
1509991
1509993
1509987
1509999
1510001
1509995
1510005
1509969
1510007
1510011
1510015
1510009
1510019
1510023
1510017
1510027
1510029
1510033
1510025
1510039
1510003
1510043
1510049
1510051
1510047
1510057
1510059
1510061
1509845
1510065
1510069
1510071
1510073
1510063
1510077
1510079
1510083
1510087
1510081
1510091
1510095
1510103
1510105
1510109
1510111
1510107
1509899
1510117
1510119
1510115
1510121
1510127
1510125
1510135
1510131
1510141
1510143
1510137
1510147
1510113
1510151
1510155
1510159
1510161
1510165
1510167
1510171
1510173
1510175
1510177
1510145
1510185
1510181
1510157
1510191
1510193
1510199
1510201
1510205
1510203
1510213
1510215
1510219
1510187
1510221
1510217
1510229
1510231
1510225
1510235
1510237
1510233
1510243
1510239
1510247
1510045
1510251
1510253
1510053
1510257
1510265
1510263
1510269
1510271
1510267
1510277
1510285
1510245
1510289
1510291
1510293
1510297
1510301
1510303
1510307
1510305
1510315
1510317
1510313
1510321
1510319
1510281
1510325
1510329
1510339
1510347
1510349
1510351
1510355
1510357
1510359
1510365
1510361
1510373
1510379
1510381
1510383
1510389
1510387
1510397
1510399
1510391
1510403
1510401
1510411
1510407
1510415
1510417
1510423
1510419
1510425
1510429
1510433
1510223
1510443
1510439
1510447
1510449
1510453
1510457
1510459
1510461
1510455
1510255
1510465
1510469
1510437
1510471
1510475
1510477
1510473
1510487
1510483
1510491
1510493
1510497
1510463
1510505
1510509
1510501
1510513
1510515
1510327
1510525
1510527
1510529
1510531
1510535
1510537
1510539
1510543
1510545
1510547
1510551
1510557
1510521
1510561
1510565
1510567
1510563
1510571
1510569
1510577
1510581
1510583
1510575
1510585
1510591
1510589
1510595
1510597
1510599
1510605
1510607
1510619
1510623
1510631
1510627
1510635
1510633
1510641
1510643
1510639
1510655
1510657
1510659
1510663
1510467
1510667
1510669
1510665
1510675
1510677
1510679
1510673
1510681
1510689
1510691
1510499
1510661
1510697
1510701
1510703
1510699
1510709
1510705
1510713
1510717
1510721
1510725
1510687
1510731
1510737
1510739
1510735
1510747
1510719
1510753
1510559
1510759
1510761
1510763
1510757
1510767
1510775
1510743
1510783
1510787
1510751
1510791
1510793
1510789
1510799
1510805
1510807
1510809
1510813
1510815
1510817
1510777
1510811
1510781
1510829
1510833
1510837
1510831
1510849
1510845
1510853
1510855
1510851
1510859
1510861
1510867
1510863
1510871
1510873
1510879
1510887
1510889
1510891
1510695
1510897
1510893
1510903
1510875
1510905
1510909
1510913
1510919
1510923
1510925
1510929
1510921
1510931
1510935
1510899
1510939
1510941
1510937
1510945
1510947
1510943
1510949
1510955
1510957
1510961
1510933
1510969
1510963
1510975
1510979
1510951
1510985
1510983
1510989
1510819
1510821
1510997
1511007
1510999
1510973
1511015
1511019
1511021
1510991
1511025
1511027
1511029
1511031
1511033
1511009
1511037
1511011
1511041
1511043
1511053
1511055
1511035
1511069
1511071
1511075
1511067
1511077
1511081
1511083
1511085
1511079
1511093
1511095
1511097
1511099
1511105
1511115
1511117
1511123
1511129
1510995
1511133
1511139
1511141
1511145
1511127
1511161
1511163
1511165
1511157
1511167
1511173
1511175
1511039
1511179
1511183
1511181
1511153
1511187
1511193
1511195
1511171
1511065
1511201
1511199
1511207
1511191
1511213
1511197
1511221
1511227
1511229
1511233
1511235
1511231
1511237
1511241
1511245
1511209
1511253
1511255
1511217
1511261
1511263
1511269
1511251
1511277
1511279
1511281
1511275
1511285
1511287
1511283
1511291
1511289
1511295
1511293
1511303
1511305
1511311
1511307
1511313
1511319
1511321
1511189
1511327
1511329
1511331
1511333
1511335
1511337
1511325
1511341
1511351
1511339
1511357
1511355
1511363
1511369
1511367
1511373
1511247
1511379
1511383
1511391
1511371
1511273
1511401
1511403
1511407
1511393
1511395
1511413
1511415
1511417
1511419
1511411
1511399
1511425
1511431
1511435
1511445
1511451
1511421
1511453
1511457
1511461
1511323
1511471
1511473
1511469
1511477
1511483
1511437
1511485
1511491
1511493
1511489
1511497
1511501
1511495
1511409
1511419
1511421
1511417
1511431
1511435
1511437
1511445
1511451
1511453
1511457
1511461
1511469
1511471
1511473
1511477
1511483
1511485
1511487
1511491
1511493
1511489
1511497
1511501
1511507
1511519
1511523
1511525
1511521
