1500010
1500012
1500018
1500022
1500016
1500028
1500024
1500032
1500036
1500042
1500044
1500050
1500046
1500054
1500052
1500056
1500064
1500072
1500074
1500070
1500078
1500080
1500076
1500084
1500086
1500082
1500090
1500096
1500100
1500106
1500104
1500112
1500118
1500120
1500116
1500122
1500130
1500126
1500134
1500144
1500140
1500148
1500154
1500156
1500152
1500160
1500158
1500170
1500166
1500172
1500182
1500178
1500184
1500186
1500190
1500192
1500188
1500194
1500204
1500200
1500210
1500206
1500216
1500004
1500002
1500006
1500220
1500228
1500230
1500226
1500238
1500242
1500240
1500246
1500252
1500254
1500256
1500262
1500258
1500266
1500264
1500218
1500276
1500278
1500274
1500282
1500280
1500268
1500290
1500294
1500300
1500288
1500304
1500306
1500302
1500310
1500308
1500314
1500322
1500320
1500324
1500330
1500332
1500328
1500338
1500344
1500346
1500342
1500352
1500348
1500356
1500358
1500354
1500364
1500360
1500368
1500366
1500370
1500372
1500380
1500382
1500378
1500386
1500388
1500394
1500392
1500402
1500398
1500404
1500410
1500418
1500420
1500416
1500224
1500222
1500428
1500430
1500426
1500434
1500440
1500448
1500446
1500452
1500456
1500464
1500422
1500472
1500474
1500470
1500478
1500286
1500480
1500488
1500484
1500490
1500498
1500496
1500504
1500506
1500508
1500512
1500514
1500520
1500522
1500518
1500526
1500524
1500534
1500538
1500546
1500550
1500548
1500556
1500558
1500560
1500564
1500566
1500562
1500570
1500568
1500580
1500582
1500578
1500586
1500588
1500594
1500598
1500604
1500608
1500612
1500614
1500610
1500618
1500616
1500624
1500626
1500630
1500628
1500634
1500636
1500632
1500640
1500642
1500638
1500646
1500644
1500650
1500652
1500662
1500666
1500668
1500664
1500672
1500670
1500680
1500682
1500686
1500692
1500694
1500424
1500696
1500702
1500704
1500700
1500708
1500706
1500716
1500722
1500718
1500724
1500730
1500728
1500734
1500736
1500466
1500746
1500742
1500750
1500752
1500748
1500482
1500756
1500768
1500766
1500770
1500776
1500774
1500780
1500778
1500788
1500792
1500794
1500798
1500796
1500804
1500800
1500808
1500820
1500818
1500826
1500824
1500832
1500834
1500830
1500838
1500836
1500842
1500844
1500840
1500848
1500850
1500854
1500856
1500858
1500868
1500870
1500878
1500880
1500876
1500882
1500888
1500890
1500886
1500894
1500896
1500904
1500906
1500908
1500902
1500912
1500910
1500698
1500932
1500938
1500940
1500936
1500942
1500950
1500946
1500954
1500956
1500958
1500964
1500738
1500754
1500968
1500978
1500980
1500976
1500984
1500986
1500982
1500990
1500992
1500988
1500996
1501004
1501006
1501002
1501010
1501012
1501020
1501016
1501024
1501022
1501028
1501026
1501032
1501034
1501030
1501038
1501042
1501040
1501044
1501050
1501048
1501056
1501058
1501054
1501060
1501068
1501066
1501074
1501076
1501078
1501082
1501084
1501080
1501092
1501098
1501108
1501110
1501106
1501114
1501116
1501120
1501124
1501128
1501130
1501126
1501136
1500924
1501144
1501146
1501152
1501148
1501156
1501154
1501160
1501158
1501168
1501164
1501172
1500966
1501176
1501180
1501178
1501184
1501186
1501182
1500974
1501192
1501170
1501204
1501206
1501208
1501198
1501202
1501216
1501218
1501214
1501220
1501226
1501224
1501232
1501234
1501236
1501212
1501242
1501244
1501240
1501248
1501246
1501256
1501258
1501262
1501264
1501260
1501266
1501272
1501274
1501270
1501280
1501276
1501284
1501292
1501288
1501296
1501298
1501302
1501306
1501310
1501320
1501316
1501324
1501326
1501322
1501328
1501334
1501336
1501332
1501340
1501338
1501350
1501348
1501352
1501358
1501360
1501356
1501138
1501376
1501378
1501382
1501384
1501386
1501380
1501390
1501388
1501402
1501404
1501406
1501370
1501412
1501416
1501418
1501420
1501188
1501424
1501428
1501422
1501432
1501436
1501430
1501438
1501442
1501408
1501450
1501414
1501452
1501458
1501460
1501454
1501464
1501468
1501466
1501480
1501448
1501482
1501238
1501490
1501492
1501488
1501498
1501500
1501494
1501502
1501478
1501510
1501512
1501508
1501518
1501514
1501528
1501530
1501526
1501542
1501546
1501544
1501554
1501562
1501558
1501566
1501568
1501572
1501574
1501576
1501578
1501580
1501582
1501588
1501590
1501598
1501600
1501604
1501606
1501602
1501610
1501608
1501620
1501622
1501640
1501642
1501644
1501648
1501650
1501652
1501656
1501654
1501664
1501660
1501668
1501666
1501446
1501674
1501676
1501672
1501680
1501688
1501690
1501696
1501698
1501706
1501702
1501710
1501708
1501716
1501484
1501722
1501720
1501730
1501732
1501728
1501746
1501742
1501750
1501752
1501748
1501756
1501506
1501760
1501762
1501764
1501770
1501766
1501774
1501782
1501778
1501784
1501754
1501790
1501798
1501800
1501806
1501808
1501814
1501816
1501812
1501824
1501836
1501834
1501840
1501842
1501846
1501848
1501844
1501854
1501850
1501858
1501864
1501862
1501868
1501872
1501876
1501890
1501892
1501896
1501898
1501900
1501902
1501670
1501906
1501904
1501912
1501914
1501910
1501918
1501916
1501886
1501924
1501928
1501930
1501932
1501938
1501944
1501946
1501942
1501950
1501952
1501718
1501958
1501960
1501964
1501962
1501970
1501974
1501972
1501980
1501982
1501984
1501988
1501986
1501994
1501992
1501998
1502000
1501996
1502006
1502002
1502010
1502014
1502012
1502018
1502016
1502020
1502026
1502028
1501788
1502034
1502036
1502032
1502040
1502042
1502038
1502046
1502044
1502048
1502054
1502056
1502052
1502060
1502058
1502064
1502070
1502066
1502074
1502072
1502080
1502088
1502096
1502092
1502102
1502106
1502110
1502112
1502122
1502124
1502118
1502132
1502134
1502142
1502140
1502148
1502150
1502154
1502156
1502152
1501922
1502164
1502166
1502162
1502170
1502168
1502174
1502176
1502180
1502182
1502186
1501954
1502196
1502198
1502200
1502204
1502206
1502208
1502202
1502214
1502216
1502220
1502226
1502228
1502190
1502238
1502244
1502258
1502260
1502030
1502266
1502268
1502278
1502280
1502276
1502284
1502288
1502292
1502286
1502296
1502298
1502264
1502310
1502302
1502316
1502318
1502324
1502320
1502330
1502334
1502336
1502342
1502348
1502350
1502346
1502354
1502356
1502358
1502362
1502364
1502360
1502368
1502374
1502380
1502386
1502378
1502158
1502396
1502390
1502398
1502404
1502402
1502408
1502406
1502416
1502418
1502424
1502420
1502428
1502426
1502432
1502430
1502436
1502434
1502440
1502448
1502444
1502452
1502230
1502456
1502462
1502468
1502466
1502472
1502474
1502482
1502476
1502450
1502488
1502490
1502496
1502494
1502500
1502498
1502504
1502506
1502502
1502510
1502512
1502518
1502514
1502484
1502300
1502528
1502530
1502538
1502540
1502544
1502554
1502550
1502558
1502556
1502562
1502564
1502520
1502560
1502570
1502574
1502578
1502580
1502582
1502576
1502586
1502592
1502590
1502604
1502602
1502610
1502388
1502614
1502612
1502616
1502624
1502628
1502630
1502632
1502636
1502638
1502644
1502646
1502608
1502648
1502652
1502654
1502650
1502658
1502668
1502664
1502672
1502670
1502642
1502676
1502684
1502686
1502682
1502692
1502706
1502702
1502714
1502722
1502724
1502732
1502734
1502730
1502738
1502524
1502736
1502566
1502742
1502748
1502752
1502754
1502756
1502746
1502760
1502764
1502776
1502782
1502780
1502786
1502798
1502800
1502796
1502804
1502806
1502808
1502812
1502820
1502822
1502818
1502830
1502832
1502828
1502844
1502856
1502858
1502866
1502868
1502674
1502878
1502874
1502880
1502886
1502902
1502898
1502910
1502914
1502912
1502922
1502926
1502928
1502924
1502932
1502930
1502936
1502934
1502942
1502938
1502740
1502946
1502952
1502956
1502964
1502966
1502744
1502978
1502982
1502984
1502992
1502998
1502974
1503002
1503006
1503012
1503008
1503016
1503018
1503022
1503026
1503028
1503036
1503038
1503040
1503042
1503044
1503030
1503060
1503064
1503062
1502870
1503072
1503076
1503078
1503080
1503084
1503086
1503082
1503090
1503092
1503088
1503068
1503096
1503100
1503106
1503098
1503116
1502944
1503124
1503128
1503130
1503126
1503136
1503132
1503144
1503152
1503150
1503118
1502972
1503158
1503162
1503164
1503160
1503168
1503166
1503174
1503170
1503178
1503184
1503182
1503188
1503190
1503154
1503156
1503196
1503194
1503202
1503204
1503198
1503208
1503206
1503214
1503216
1503212
1503222
1503218
1503186
1503230
1503232
1503228
1503234
1503240
1503246
1503248
1503244
1503254
1503250
1503258
1503262
1503264
1503260
1503268
1503272
1503280
1503282
1503284
1503290
1503094
1503294
1503298
1503304
1503308
1503306
1503318
1503322
1503324
1503330
1503338
1503342
1503340
1503348
1503350
1503346
1503354
1503356
1503352
1503364
1503362
1503370
1503366
1503192
1503374
1503378
1503384
1503382
1503388
1503392
1503394
1503398
1503406
1503224
1503410
1503408
1503412
1503418
1503416
1503426
1503430
1503432
1503428
1503436
1503434
1503440
1503442
1503446
1503448
1503450
1503404
1503456
1503458
1503452
1503462
1503460
1503444
1503474
1503470
1503292
1503484
1503486
1503480
1503490
1503492
1503496
1503498
1503506
1503502
1503512
1503514
1503518
1503520
1503526
1503528
1503530
1503532
1503372
1503538
1503540
1503536
1503542
1503546
1503548
1503544
1503552
1503554
1503550
1503558
1503560
1503568
1503572
1503574
1503576
1503580
1503584
1503586
1503590
1503598
1503596
1503610
1503614
1503616
1503630
1503634
1503466
1503638
1503640
1503642
1503648
1503650
1503476
1503658
1503656
1503664
1503632
1503672
1503668
1503682
1503676
1503686
1503684
1503692
1503688
1503696
1503698
1503662
1503524
1503710
1503712
1503706
1503720
1503722
1503718
1503726
1503730
1503724
1503732
1503738
1503736
1503742
1503744
1503748
1503752
1503754
1503760
1503758
1503764
1503768
1503772
1503766
1503776
1503782
1503784
1503780
1503788
1503786
1503794
1503792
1503806
1503810
1503812
1503816
1503818
1503814
1503822
1503654
1503828
1503830
1503832
1503826
1503836
1503840
1503854
1503856
1503858
1503820
1503868
1503872
1503874
1503876
1503882
1503700
1503702
1503890
1503892
1503898
1503896
1503906
1503902
1503910
1503912
1503908
1503918
1503914
1503922
1503924
1503880
1503884
1503948
1503954
1503950
1503958
1503960
1503956
1503966
1503928
1503968
1503972
1503976
1503978
1503982
1503984
1503980
1503990
1503996
1503992
1504000
1503998
1504004
1504006
1503964
1504010
1504014
1504016
1504022
1504024
1504028
1504030
1504026
1504034
1504032
1504038
1504040
1504042
1504044
1504050
1504062
1504058
1504066
1504068
1504074
1504078
1504080
1504084
1504090
1504092
1504088
1504096
1504094
1504102
1504104
1503864
1504110
1504114
1504122
1504124
1504120
1504126
1504144
1504140
1504108
1504150
1504148
1504156
1504154
1504158
1503926
1504168
1504176
1504174
1504180
1504192
1504186
1504196
1504198
1504200
1504204
1504202
1504210
1504212
1504216
1504208
1504218
1504224
1504222
1504230
1504008
1504242
1504238
1504246
1504250
1504256
1504258
1504260
1504262
1504234
1504268
1504270
1504272
1504274
1504276
1504278
1504280
1504282
1504284
1504286
1504288
1504266
1504296
1504292
1504298
1504304
1504300
1504308
1504312
1504316
1504320
1504322
1504314
1504326
1504328
1504324
1504332
1504340
1504344
1504338
1504146
1504350
1504358
1504360
1504364
1504164
1504372
1504374
1504380
1504378
1504384
1504346
1504394
1504402
1504404
1504400
1504368
1504412
1504414
1504408
1504416
1504424
1504420
1504432
1504436
1504438
1504434
1504444
1504406
1504446
1504450
1504452
1504448
1504456
1504454
1504464
1504470
1504474
1504476
1504264
1504442
1504490
1504488
1504496
1504500
1504498
1504504
1504502
1504506
1504510
1504516
1504514
1504522
1504520
1504482
1504534
1504536
1504540
1504542
1504538
1504548
1504544
1504554
1504562
1504524
1504566
1504564
1504578
1504588
1504592
1504596
1504600
1504560
1504602
1504606
1504610
1504612
1504618
1504614
1504386
1504624
1504632
1504630
1504636
1504638
1504598
1504646
1504644
1504652
1504650
1504654
1504660
1504662
1504620
1504666
1504672
1504674
1504668
1504680
1504640
1504684
1504686
1504688
1504690
1504682
1504694
1504696
1504700
1504702
1504664
1504698
1504708
1504676
1504480
1504704
1504714
1504716
1504722
1504718
1504734
1504740
1504742
1504744
1504732
1504730
1504726
1504724
1504754
1504756
1504758
1504752
1504764
1504768
1504760
1504770
1504774
1504776
1504782
1504772
1504786
1504794
1504800
1504802
1504792
1504806
1504808
1504812
1504814
1504816
1504818
1504820
1504822
1504824
1504826
1504804
1504832
1504834
1504842
1504844
1504750
1504748
1504746
1504848
1504858
1504860
1504862
1504866
1504868
1504870
1504874
1504864
1504876
1504882
1504886
1504888
1504884
1504890
1504900
1504902
1504908
1504912
1504914
1504916
1504920
1504926
1504928
1504924
1504930
1504934
1504932
1504938
1504944
1504948
1504950
1504952
1504960
1504962
1504958
1504976
1504980
1504982
1504984
1504846
1504852
1504850
1504994
1504998
1505000
1505008
1505010
1505012
1505014
1505018
1505016
1504986
1505024
1505030
1505026
1505034
1505036
1505032
1505040
1505048
1505050
1505054
1505064
1505066
1505072
1505068
1505076
1505080
1505074
1505086
1505082
1505090
1505088
1505094
1505100
1505102
1505104
1505098
1505106
1505112
1505114
1505116
1505120
1505118
1505126
1505130
1505134
1505136
1505142
1505146
1505140
1505150
1505152
1505148
1505156
1505158
1505154
1505162
1505160
1505164
1505172
1505174
1505176
1505170
1504978
1505192
1505194
1505198
1505200
1505196
1505204
1505206
1505210
1504992
1505214
1505216
1505218
1505222
1505224
1505220
1505228
1505230
1505226
1505234
1505232
1505022
1505244
1505208
1505252
1505256
1505258
1505264
1505260
1505270
1505266
1505274
1505276
1505278
1505282
1505284
1505288
1505292
1505300
1505294
1505304
1505302
1505314
1505316
1505318
1505320
1505328
1505332
1505324
1505338
1505334
1505342
1505346
1505348
1505344
1505352
1505354
1505356
1505362
1505364
1505366
1505378
1505376
1505384
1505186
1505386
1505392
1505388
1505396
1505394
1505406
1505380
1505416
1505418
1505414
1505424
1505236
1505430
1505432
1505248
1505436
1505442
1505438
1505420
1505448
1505452
1505428
1505456
1505454
1505462
1505464
1505460
1505468
1505470
1505446
1505474
1505476
1505480
1505478
1505488
1505490
1505492
1505498
1505500
1505466
1505506
1505504
1505512
1505510
1505520
1505516
1505526
1505522
1505534
1505496
1505538
1505542
1505552
1505556
1505550
1505558
1505528
1505560
1505570
1505572
1505568
1505574
1505582
1505590
1505592
1505586
1505596
1505600
1505598
1505602
1505608
1505606
1505412
1505622
1505624
1505620
1505630
1505632
1505636
1505644
1505444
1505648
1505658
1505660
1505664
1505666
1505642
1505646
1505676
1505680
1505684
1505686
1505688
1505682
1505694
1505700
1505698
1505704
1505702
1505710
1505708
1505712
1505722
1505724
1505718
1505728
1505730
1505726
1505736
1505738
1505740
1505744
1505746
1505748
1505750
1505758
1505754
1505566
1505764
1505774
1505776
1505784
1505790
1505782
1505794
1505796
1505760
1505800
1505806
1505808
1505804
1505616
1505816
1505814
1505820
1505822
1505824
1505818
1505828
1505830
1505834
1505836
1505826
1505840
1505846
1505810
1505850
1505858
1505866
1505870
1505672
1505838
1505878
1505880
1505876
1505884
1505886
1505882
1505898
1505908
1505910
1505912
1505916
1505920
1505914
1505924
1505926
1505928
1505922
1505932
1505930
1505936
1505938
1505934
1505942
1505946
1505948
1505944
1505954
1505958
1505960
1505964
1505966
1505970
1505972
1505968
1505978
1505974
1505798
1505988
1505990
1505982
1505998
1505994
1506000
1506006
1506004
1506010
1506018
1506020
1506016
1506024
1506026
1506022
1506030
1506028
1506036
1506038
1506034
1506042
1506044
1506040
1505872
1505874
1506054
1506052
1506060
1506062
1506058
1506066
1506070
1506074
1506076
1506078
1506084
1506092
1506096
1506094
1506102
1506104
1506108
1506110
1506112
1506116
1506118
1506128
1506132
1506134
1506140
1506144
1506142
1506148
1506150
1506154
1506156
1505980
1506152
1506164
1506166
1506168
1506170
1506160
1506176
1506172
1506180
1506182
1506178
1506188
1506190
1506192
1506202
1506206
1506210
1506212
1506208
1506214
1506046
1506050
1506224
1506228
1506226
1506234
1506236
1506238
1506232
1506242
1506244
1506248
1506250
1506246
1506220
1506258
1506260
1506256
1506264
1506262
1506266
1506280
1506282
1506284
1506288
1506290
1506292
1506286
1506296
1506294
1506300
1506298
1506304
1506302
1506308
1506310
1506312
1506316
1506318
1506314
1506158
1506324
1506322
1506328
1506330
1506326
1506334
1506332
1506338
1506344
1506346
1506350
1506358
1506356
1506366
1506362
1506370
1506222
1506376
1506378
1506372
1506382
1506384
1506388
1506390
1506386
1506254
1506368
1506400
1506402
1506398
1506408
1506392
1506396
1506422
1506424
1506432
1506430
1506436
1506438
1506442
1506448
1506458
1506454
1506462
1506464
1506460
1506470
1506466
1506476
1506472
1506480
1506320
1506486
1506488
1506490
1506492
1506496
1506494
1506502
1506500
1506478
1506510
1506512
1506516
1506520
1506506
1506530
1506534
1506528
1506544
1506524
1506556
1506558
1506552
1506562
1506564
1506568
1506566
1506572
1506412
1506580
1506416
1506584
1506582
1506592
1506594
1506596
1506602
1506600
1506578
1506608
1506612
1506616
1506618
1506622
1506624
1506628
1506630
1506632
1506640
1506648
1506652
1506638
1506660
1506670
1506672
1506676
1506678
1506680
1506684
1506686
1506688
1506682
1506694
1506548
1506690
1506700
1506702
1506698
1506706
1506708
1506710
1506714
1506716
1506724
1506576
1506726
1506730
1506732
1506734
1506728
1506738
1506736
1506742
1506740
1506746
1506748
1506744
1506750
1506722
1506606
1506764
1506766
1506762
1506770
1506772
1506778
1506780
1506782
1506786
1506756
1506794
1506800
1506804
1506808
1506814
1506816
1506818
1506820
1506822
1506790
1506828
1506826
1506830
1506834
1506836
1506832
1506840
1506842
1506838
1506848
1506852
1506696
1506854
1506868
1506874
1506878
1506876
1506888
1506884
1506892
1506894
1506896
1506900
1506902
1506898
1506752
1506910
1506908
1506920
1506914
1506924
1506926
1506922
1506932
1506934
1506938
1506904
1506942
1506944
1506946
1506940
1506952
1506956
1506958
1506954
1506964
1506960
1506970
1506936
1506978
1506824
1506982
1506992
1506996
1507002
1506974
1507012
1506976
1507016
1507018
1507020
1507034
1507036
1507004
1507044
1507010
1507050
1507054
1506860
1507048
1507062
1507066
1507070
1507038
1507074
1507042
1507082
1507080
1507088
1507086
1507094
1507090
1507102
1507106
1507104
1507112
1507110
1507120
1507116
1507124
1507122
1507128
1507132
1507136
1507140
1507138
1507148
1507150
1507146
1507154
1507152
1507158
1507156
1507166
1507170
1507172
1507168
1507176
1507174
1507178
1507184
1507182
1507188
1507186
1507194
1507196
1507198
1507190
1507204
1507202
1507206
1507212
1507056
1507216
1507220
1507222
1507224
1507072
1507076
1507238
1507234
1507242
1507208
1507214
1507252
1507254
1507262
1507268
1507272
1507266
1507284
1507286
1507292
1507294
1507296
1507300
1507302
1507304
1507308
1507324
1507326
1507328
1507318
1507332
1507336
1507338
1507330
1507342
1507340
1507348
1507354
1507360
1507368
1507364
1507372
1507376
1507374
1507380
1507382
1507378
1507386
1507384
1507390
1507394
1507398
1507396
1507404
1507406
1507230
1507412
1507416
1507418
1507244
1507246
1507426
1507428
1507434
1507438
1507402
1507408
1507454
1507456
1507458
1507460
1507472
1507474
1507482
1507446
1507490
1507496
1507498
1507504
1507510
1507516
1507480
1507524
1507520
1507530
1507536
1507532
1507548
1507550
1507514
1507554
1507558
1507562
1507564
1507568
1507570
1507572
1507566
1507574
1507580
1507542
1507588
1507592
1507596
1507600
1507604
1507608
1507616
1507612
1507622
1507618
1507628
1507624
1507422
1507632
1507636
1507638
1507644
1507642
1507648
1507650
1507646
1507654
1507442
1507660
1507662
1507658
1507666
1507668
1507664
1507674
1507676
1507682
1507684
1507690
1507692
1507694
1507686
1507696
1507702
1507704
1507700
1507708
1507706
1507712
1507714
1507720
1507722
1507724
1507726
1507732
1507736
1507740
1507742
1507750
1507752
1507758
1507760
1507762
1507766
1507768
1507770
1507772
1507774
1507778
1507780
1507776
1507788
1507782
1507794
1507582
1507796
1507804
1507798
1507808
1507812
1507816
1507818
1507792
1507826
1507828
1507834
1507836
1507832
1507630
1507840
1507844
1507814
1507854
1507656
1507858
1507860
1507864
1507868
1507838
1507876
1507884
1507886
1507852
1507888
1507892
1507894
1507890
1507896
1507902
1507906
1507908
1507900
1507882
1507916
1507920
1507918
1507922
1507926
1507928
1507924
1507934
1507932
1507938
1507950
1507954
1507960
1507964
1507968
1507970
1507972
1507980
1507982
1507978
1507988
1507990
1507996
1507998
1508004
1508006
1508008
1508012
1508014
1507850
1508020
1508028
1507866
1508036
1508038
1508040
1508044
1508046
1508048
1508016
1508042
1507910
1508060
1508062
1508056
1508078
1508084
1508096
1508100
1508102
1508104
1508106
1508112
1508114
1508090
1508118
1508120
1508124
1508122
1508130
1508132
1508128
1508138
1508140
1508142
1508148
1508144
1508150
1508156
1508164
1508162
1508026
1508170
1508172
1508174
1508168
1508178
1508180
1508182
1508176
1508186
1508188
1508184
1508192
1508194
1508052
1508054
1508190
1508204
1508214
1508216
1508218
1508222
1508220
1508226
1508234
1508236
1508232
1508238
1508242
1508248
1508250
1508258
1508252
1508264
1508260
1508268
1508266
1508276
1508278
1508282
1508280
1508288
1508286
1508166
1508296
1508304
1508310
1508196
1508198
1508292
1508320
1508322
1508326
1508330
1508302
1508334
1508336
1508332
1508340
1508342
1508338
1508344
1508348
1508350
1508360
1508362
1508328
1508364
1508372
1508374
1508376
1508382
1508378
1508398
1508404
1508412
1508416
1508418
1508414
1508426
1508422
1508428
1508432
1508434
1508436
1508450
1508452
1508446
1508454
1508462
1508468
1508476
1508480
1508484
1508478
1508490
1508486
1508496
1508498
1508504
1508506
1508502
1508314
1508312
1508516
1508518
1508512
1508524
1508530
1508534
1508538
1508508
1508552
1508554
1508550
1508558
1508560
1508564
1508366
1508580
1508574
1508588
1508592
1508594
1508590
1508600
1508602
1508568
1508610
1508616
1508618
1508620
1508614
1508624
1508622
1508626
1508630
1508628
1508634
1508640
1508642
1508638
1508646
1508648
1508644
1508652
1508654
1508656
1508662
1508658
1508668
1508672
1508674
1508670
1508680
1508676
1508684
1508686
1508682
1508690
1508692
1508694
1508688
1508696
1508706
1508510
1508702
1508714
1508716
1508720
1508712
1508724
1508726
1508722
1508730
1508548
1508732
1508736
1508738
1508734
1508744
1508746
1508740
1508748
1508756
1508760
1508762
1508728
1508766
1508768
1508772
1508770
1508778
1508604
1508786
1508788
1508758
1508784
1508796
1508792
1508800
1508804
1508808
1508810
1508814
1508806
1508818
1508816
1508822
1508820
1508830
1508838
1508840
1508836
1508842
1508844
1508846
1508710
1508858
1508860
1508866
1508872
1508876
1508880
1508848
1508886
1508890
1508894
1508892
1508906
1508912
1508914
1508918
1508920
1508928
1508930
1508932
1508926
1508782
1508942
1508790
1508950
1508952
1508958
1508960
1508956
1508936
1508970
1508940
1508974
1508984
1508990
1508988
1508996
1508992
1509002
1508998
1509008
1509010
1509012
1509014
1509018
1509020
1509006
1509022
1509026
1509028
1509042
1509044
1509048
1509050
1509052
1509056
1509054
1509062
1508882
1509060
1509068
1509076
1509072
1509080
1509078
1509082
1509086
1509088
1509096
1509090
1509100
1509112
1509110
1509116
1508966
1508968
1509130
1509140
1509136
1509146
1509154
1509150
1509158
1509160
1509156
1509164
1509166
1509170
1509176
1509174
1509178
1509184
1509180
1509188
1509186
1509192
1509194
1509196
1509190
1509066
1509204
1509200
1509208
1509206
1509212
1509214
1509216
1509224
1509222
1509228
1509226
1509232
1509234
1509240
1509242
1509244
1509236
1509250
1509252
1509254
1509262
1509268
1509266
1509272
1509274
1509276
1509126
1509128
1509284
1509286
1509282
1509292
1509294
1509296
1509290
1509300
1509298
1509306
1509304
1509308
1509314
1509318
1509312
1509320
1509326
1509328
1509334
1509330
1509340
1509336
1509344
1509342
1509352
1509348
1509356
1509358
1509362
1509364
1509198
1509374
1509376
1509378
1509386
1509384
1509392
1509398
1509396
1509406
1509404
1509410
1509408
1509416
1509418
1509414
1509422
1509420
1509432
1509442
1509444
1509448
1509278
1509280
1509450
1509456
1509458
1509460
1509454
1509462
1509474
1509446
1509484
1509492
1509494
1509500
1509508
1509506
1509512
1509478
1509516
1509514
1509524
1509530
1509532
1509528
1509536
1509538
1509540
1509534
1509510
1509550
1509552
1509548
1509368
1509560
1509562
1509564
1509566
1509570
1509572
1509574
1509576
1509582
1509584
1509586
1509594
1509600
1509596
1509602
1509608
1509452
1509616
1509620
1509624
1509618
1509630
1509636
1509638
1509644
1509612
1509650
1509652
1509648
1509656
1509654
1509662
1509666
1509672
1509642
1509676
1509682
1509688
1509690
1509696
1509670
1509544
1509686
1509706
1509708
1509556
1509712
1509714
1509710
1509720
1509726
1509728
1509734
1509702
1509738
1509742
1509744
1509740
1509748
1509752
1509756
1509760
1509762
1509730
1509770
1509766
1509772
1509774
1509778
1509780
1509776
1509784
1509786
1509790
1509782
1509796
1509798
1509792
1509800
1509810
1509812
1509814
1509816
1509820
1509698
1509700
1509830
1509832
1509834
1509838
1509842
1509844
1509822
1509848
1509856
1509860
1509854
1509864
1509866
1509862
1509840
1509874
1509878
1509880
1509882
1509884
1509764
1509890
1509894
1509888
1509898
1509900
1509902
1509904
1509918
1509924
1509926
1509922
1509934
1509930
1509942
1509940
1509948
1509946
1509958
1509960
1509968
1509974
1509976
1509980
1509986
1509988
1509994
1509996
1509990
1510000
1509818
1509998
1510008
1510010
1510012
1510016
1510018
1510014
1510022
1510024
1510030
1510032
1510034
1510042
1510044
1510048
1510050
1510046
1510054
1510058
1510062
1510064
1509872
1510074
1510076
1509886
1510084
1510086
1510092
1510082
1510098
1510100
1510068
1510106
1510108
1510110
1510104
1510114
1510116
1510112
1510118
1510124
1510126
1510122
1510128
1510134
1510130
1510146
1510150
1510152
1510156
1510144
1510158
1510162
1510164
1510166
1510176
1510180
1510174
1510186
1510188
1510194
1510004
1510200
1510202
1510198
1510206
1510204
1510210
1510220
1510226
1510230
1510234
1510236
1510224
1510238
1510242
1510244
1510240
1510250
1510252
1510258
1510260
1510262
1510264
1510268
1510270
1510254
1510078
1510276
1510278
1510274
1510284
1510288
1510292
1510294
1510296
1510300
1510102
1510304
1510302
1510314
1510316
1510318
1510322
1510298
1510330
1510326
1510332
1510338
1510340
1510320
1510358
1510356
1510370
1510374
1510380
1510196
1510384
1510388
1510390
1510394
1510406
1510376
1510416
1510418
1510420
1510422
1510410
1510430
1510428
1510436
1510438
1510272
1510434
1510446
1510442
1510450
1510454
1510452
1510458
1510462
1510464
1510468
1510470
1510472
1510480
1510482
1510486
1510484
1510492
1510494
1510490
1510500
1510506
1510502
1510516
1510352
1510524
1510526
1510528
1510532
1510536
1510540
1510544
1510546
1510550
1510552
1510554
1510558
1510564
1510560
1510566
1510574
1510570
1510576
1510580
1510582
1510584
1510586
1510578
1510408
1510592
1510594
1510590
1510596
1510602
1510604
1510606
1510608
1510612
1510616
1510626
1510624
1510632
1510628
1510440
1510642
1510638
1510648
1510644
1510652
1510654
1510656
1510658
1510660
1510664
1510666
1510662
1510636
1510674
1510672
1510684
1510680
1510688
1510686
1510694
1510698
1510704
1510710
1510712
1510708
1510716
1510718
1510720
1510714
1510722
1510520
1510730
1510736
1510734
1510740
1510742
1510738
1510746
1510748
1510744
1510754
1510756
1510758
1510750
1510724
1510762
1510766
1510770
1510776
1510772
1510780
1510778
1510784
1510786
1510782
1510788
1510794
1510796
1510588
1510760
1510802
1510804
1510800
1510808
1510814
1510812
1510820
1510818
1510824
1510822
1510828
1510830
1510826
1510790
1510838
1510836
1510842
1510844
1510840
1510848
1510850
1510846
1510852
1510858
1510856
1510866
1510868
1510864
1510872
1510878
1510668
1510882
1510888
1510894
1510892
1510900
1510902
1510906
1510910
1510912
1510876
1510918
1510920
1510916
1510922
1510926
1510928
1510924
1510930
1510936
1510938
1510934
1510940
1510908
1510948
1510950
1510946
1510956
1510958
1510962
1510968
1510974
1510976
1510944
1510986
1510988
1510978
1510964
1511000
1510798
1511006
1511004
1511012
1511014
1511010
1511024
1511026
1510990
1511034
1510832
1511030
1511040
1511044
1511050
1511052
1511048
1511054
1511064
1511060
1511068
1511070
1511066
1511076
1511078
1511082
1511086
1511088
1511084
1511090
1511100
1511098
1511104
1511106
1511102
1511110
1511108
1511114
1511112
1511120
1511116
1511126
1511122
1511136
1511142
1511146
1511148
1511154
1511156
1511152
1511158
1511166
1511168
1511174
1511172
1511180
1511186
1511178
1511190
1511192
1511194
1511202
1511002
1511212
1511210
1511218
1511220
1511216
1511222
1511226
1511228
1511224
1511028
1511036
1511240
1511242
1511244
1511248
1511258
1511260
1511254
1511264
1511266
1511268
1511262
1511234
1511276
1511280
1511282
1511292
1511286
1511296
1511298
1511306
1511270
1511310
1511312
1511308
1511316
1511318
1511320
1511326
1511328
1511334
1511330
1511302
1511338
1511342
1511340
1511350
1511352
1511356
1511358
1511354
1511364
1511360
1511366
1511370
1511336
1511378
1511380
1511376
1511386
1511392
1511390
1511398
1511400
1511396
1511404
1511368
1511406
1511410
1511408
1511416
1511208
1511418
1511422
1511430
1511402
1511434
1511230
1511446
1511414
1511454
1511448
1511460
1511464
1511472
1511474
1511478
1511480
1511444
1511490
1511492
1511484
1511498
1511496
1511476
1511512
1511514
1511504
1511526
1511524
1511534
1511536
1511532
1511544
1511546
1511550
1511554
1511566
1511568
1511564
1511574
1511576
1511582
1511590
1511594
1511596
1511600
1511602
1511598
1511606
1511604
1511610
1511622
1511626
1511436
1511438
1511632
1511638
1511640
1511636
1511644
1511646
1511650
1511656
1511652
1511658
1511662
1511666
1511672
1511674
1511678
1511680
1511676
1511682
1511692
1511502
1511698
1511700
1511696
1511710
1511706
1511712
1511690
1511724
1511720
1511726
1511730
1511734
1511736
1511738
1511740
1511746
1511714
1511756
1511758
1511764
1511770
1511766
1511774
1511776
1511772
1511780
1511750
1511802
1511798
1511808
1511810
1511814
1511818
1511820
1511824
1511826
1511828
1511628
1511630
1511834
1511832
1511842
1511846
1511850
1511854
1511856
1511852
1511822
1511866
1511868
1511874
1511878
1511882
1511888
1511890
1511884
1511896
1511900
1511902
1511904
1511908
1511912
1511918
1511920
1511928
1511930
1511926
1511938
1511942
1511944
1511948
1511786
1511952
1511954
1511956
1511950
1511960
1511964
1511966
1511970
1511940
1511976
1511980
1511830
1511982
1511986
1511988
1511962
1511992
1511858
1512000
1511978
1512004
1512002
1511984
1512008
1512014
1512018
1512012
1512024
1512026
1512032
1512028
1511998
1512038
1512040
1512048
1512044
1512052
1512050
1512058
1512054
1512064
1512066
1512072
1512076
1512068
1512080
1512086
1512090
1512094
1512096
1512098
1512100
1512092
1512110
1512112
1512116
1512118
1512120
1512122
1512102
1512124
1512128
1512130
1512126
1512132
1512140
1512146
1512150
1512144
1512154
1512158
1512160
1512164
1512166
1512168
1512162
1512172
1512176
1512178
1512170
1511990
1512186
1512192
1512194
1512198
1512200
1512196
1512010
1512214
1512216
1512212
1512220
1512034
1512226
1512228
1512202
1512232
1512236
1512234
1512242
1512218
1512244
1512254
1512256
1512262
1512250
1512240
1512270
1512272
1512276
1512278
1512280
1512286
1512266
1512288
1512292
1512290
1512300
1512296
1512304
1512306
1512302
1512312
1512314
1512320
1512316
1512324
1512328
1512322
1512332
1512342
1512344
1512346
1512338
1512350
1512352
1512348
1512356
1512358
1512354
1512182
1512370
1512368
1512374
1512376
1512388
1512390
1512366
1512392
1512396
1512402
1512224
1512410
1512418
1512420
1512424
1512426
1512434
1512430
1512406
1512442
1512264
1512450
1512458
1512460
1512448
1512468
1512476
1512478
1512470
1512484
1512488
1512492
1512496
1512504
1512506
1512502
1512394
1512438
1512446
1512458
1512460
1512470
1512468
1512476
1512478
1512484
1512492
1512488
1512496
1512502
1512504
1512508
1512510
1512506
